autocorrelation:
  durbin_watson: 1.7317461636978626
  interpretation: No significant autocorrelation
correlation:
  feature_residual_correlations:
    AveBedrms: -0.04527464857298507
    AveOccup: 0.010953238311735988
    AveRooms: -0.03596854852281538
    HouseAge: 0.1848183119386927
    Latitude: -0.09114833219832343
    Longitude: -0.06065500378969645
    MedInc: 0.20598739970801677
    Population: 0.02731773966530797
  prediction_correlation: 0.7309760131461185
error_metrics:
  adjusted_r2: 0.44745239723383956
  emse: 0.5525475703246727
  mae: 0.5998003389678866
  mse: 0.5524137167465902
  r2: 0.44758628325340977
  rmse: 0.7432453947025776
homoscedasticity:
  bp_statistic: 195.35870950040385
  interpretation: Heteroscedastic
  p_value: 2.1514120765861567e-44
percentile_distribution:
  predictions:
    p1: -0.6214449562857689
    p10: -0.5349283437499085
    p25: -0.32615372204557397
    p5: -0.6024640736216291
    p50: 0.2605533098756068
    p75: 0.7361648437049325
    p90: 1.1492440294184532
    p95: 1.487222547671374
    p99: 1.9071692731101195
  residuals:
    p1: -1.6853687425055655
    p10: -1.0799087419193765
    p25: -0.7141577639563175
    p5: -1.3165209139105394
    p50: -0.3644120699658373
    p75: 0.07021947238239579
    p90: 0.6246136267947047
    p95: 0.9506500724400502
    p99: 1.7659497518054246
  true_values:
    p1: -1.3601476206245706
    p10: -1.0854979342866786
    p25: -0.7532364578279724
    p5: -1.220376787882641
    p50: -0.23455563319971767
    p75: 0.5022987256616432
    p90: 1.483577328280454
    p95: 2.3387127543496704
    p99: 2.5726629213285235
variance:
  explained_variance_ratio: 0.531035873386301
  prediction_variance: 0.45375983897111477
  residual_variance: 0.468964126613699
  total_variance: 1.0
