autocorrelation:
  durbin_watson: 2.040914179028535
  interpretation: No significant autocorrelation
correlation:
  feature_residual_correlations:
    AveBedrms: -0.028880957673670223
    AveOccup: -0.0738450466157616
    HouseAge: -0.004257660729012977
    Longitude: 0.006898389650569413
    MedInc: -0.026881705337438045
    Population: 0.017340854521767767
  prediction_correlation: 0.7084494987414072
error_metrics:
  adjusted_r2: 0.5015053223964021
  emse: 0.49849464833569623
  mae: 0.5238762582540284
  mse: 0.49837388897321183
  r2: 0.5016261110267881
  rmse: 0.7059560106502472
homoscedasticity:
  bp_statistic: 37.904014687030525
  interpretation: Heteroscedastic
  p_value: 7.431216197717497e-10
percentile_distribution:
  predictions:
    p1: -1.1634204351902009
    p10: -0.739968866109848
    p25: -0.4892672896385193
    p5: -0.9008920699357986
    p50: -0.11861276254057884
    p75: 0.33615323156118393
    p90: 0.8432567834854134
    p95: 1.285902005434036
    p99: 2.576195330619812
  residuals:
    p1: -1.3220812023007436
    p10: -0.7116222986956832
    p25: -0.4634243140952681
    p5: -0.8474531289468578
    p50: -0.13473847235848796
    p75: 0.30869988691907524
    p90: 0.906384315420065
    p95: 1.37486486596689
    p99: 2.323462429238745
  true_values:
    p1: -1.3601476206245706
    p10: -1.0854979342866786
    p25: -0.7532364578279724
    p5: -1.220376787882641
    p50: -0.23455563319971767
    p75: 0.5022987256616432
    p90: 1.483577328280454
    p95: 2.3387127543496704
    p99: 2.5726629213285235
variance:
  explained_variance_ratio: 0.5016261110267881
  prediction_variance: 0.5256540179252625
  residual_variance: 0.49837388897321183
  total_variance: 1.0
