autocorrelation:
  durbin_watson: 1.6122497134141307
  interpretation: No significant autocorrelation
correlation:
  feature_residual_correlations:
    AveBedrms: -0.0347519703726171
    AveOccup: 0.11423867871578107
    HouseAge: -0.15509066900828605
    Longitude: 0.1763095525693983
    MedInc: 0.05101537227969115
    Population: 0.13399897897328283
  prediction_correlation: 0.7149208609652692
error_metrics:
  adjusted_r2: 0.2824605820003404
  emse: 0.7175393758710791
  mae: 0.6255213792699045
  mse: 0.7173655533478545
  r2: 0.28263444665214554
  rmse: 0.8469743522373357
homoscedasticity:
  bp_statistic: 689.3040418360713
  interpretation: Heteroscedastic
  p_value: 6.333386741575733e-152
percentile_distribution:
  predictions:
    p1: -1.258872976748066
    p10: -0.6736332894186247
    p25: -0.4085530803304833
    p5: -0.890967854545408
    p50: 0.08634678121787148
    p75: 1.2325059223210288
    p90: 1.962114328304133
    p95: 2.1858754810472463
    p99: 2.4146164950170457
  residuals:
    p1: -2.373970298379598
    p10: -1.3954569546882423
    p25: -0.8085800287416953
    p5: -1.7645389190447092
    p50: -0.2949998264382727
    p75: 0.06699062358110494
    p90: 0.4364721927089855
    p95: 0.6867237134286204
    p99: 1.4679572919810178
  true_values:
    p1: -1.3601476206245706
    p10: -1.0854979342866786
    p25: -0.7532364578279724
    p5: -1.220376787882641
    p50: -0.23455563319971767
    p75: 0.5022987256616432
    p90: 1.483577328280454
    p95: 2.3387127543496704
    p99: 2.5726629213285235
variance:
  explained_variance_ratio: 0.4323168611891025
  prediction_variance: 0.9912697172877778
  residual_variance: 0.5676831388108975
  total_variance: 1.0
