autocorrelation:
  durbin_watson: 1.9053116776193932
  interpretation: No significant autocorrelation
correlation:
  feature_residual_correlations:
    float_feature_0: 0.17754821620967903
    float_feature_29: -0.042688414265218494
    float_feature_59: -0.08270344148040194
    float_feature_64: -0.014051540584129135
    float_feature_84: -0.011294517544931531
    pca_component_1: -0.24460744881468696
    pca_component_2: -0.1770028589105445
    pca_component_3: -0.04653297248940811
    pca_component_4: 0.23410174834637473
    pca_component_5: -0.17373516703347638
  prediction_correlation: 0.006612099724273301
error_metrics:
  adjusted_r2: -0.20863111117655553
  emse: 1.2086005909596125
  mae: 0.923896665132872
  mse: 1.2025575880048143
  r2: -0.20255758800481405
  rmse: 1.0966118675287142
homoscedasticity:
  bp_statistic: 7.932455532238247
  interpretation: Heteroscedastic
  p_value: 0.004855585815053259
percentile_distribution:
  predictions:
    p1: -1.082778136730194
    p10: -0.6491189002990723
    p25: -0.3124409466981888
    p5: -0.8529055386781692
    p50: 0.02666515577584505
    p75: 0.3022950142621994
    p90: 0.5957504272460937
    p95: 0.706807497143745
    p99: 0.8475342404842374
  residuals:
    p1: -1.8446424881318206
    p10: -1.3756880484279075
    p25: -0.9006239349131477
    p5: -1.5412226745916993
    p50: -0.020290918838668716
    p75: 0.6953203417086113
    p90: 1.5960773951357605
    p95: 1.853874543916246
    p99: 2.4241432327253496
  true_values:
    p1: -1.6133064073024657
    p10: -1.3159650676503665
    p25: -0.8735551956955858
    p5: -1.4537868208633418
    p50: -0.015844186771263452
    p75: 0.7824674564326337
    p90: 1.365208604950778
    p95: 1.5854957648529595
    p99: 1.8963811465344713
variance:
  explained_variance_ratio: -0.20237710949759746
  prediction_variance: 0.20841427147388458
  residual_variance: 1.2023771094975977
  total_variance: 1.0000000000000002
