autocorrelation:
  durbin_watson: 1.9299874298530335
  interpretation: No significant autocorrelation
correlation:
  feature_residual_correlations:
    AveBedrms: 0.019551828452515987
    AveOccup: 0.03678667723738797
    AveRooms: 0.024357665794141142
    HouseAge: -0.23267190779479408
    Latitude: -0.06646412337956337
    Longitude: 0.08921352592624353
    MedInc: -7.472139051597084e-05
    Population: 0.08402503592863099
  prediction_correlation: 0.8406092188551479
error_metrics:
  adjusted_r2: 0.670751857537679
  emse: 0.3292481231313177
  mae: 0.41257531086922233
  mse: 0.32916836341156686
  r2: 0.6708316365884331
  rmse: 0.573731961295139
homoscedasticity:
  bp_statistic: 360.4808856777306
  interpretation: Heteroscedastic
  p_value: 2.2124459970983564e-80
percentile_distribution:
  predictions:
    p1: -1.3835879969596863
    p10: -0.9750768184661864
    p25: -0.5686504393815994
    p5: -1.1528455674648286
    p50: -0.11188367381691933
    p75: 0.7971974909305573
    p90: 1.6237181544303896
    p95: 2.0255295038223267
    p99: 2.572135322093964
  residuals:
    p1: -1.5209649441307358
    p10: -0.839544728621533
    p25: -0.42280389753674685
    p5: -1.0895226635002049
    p50: -0.1072783925200319
    p75: 0.13970178997533697
    p90: 0.45230925699691626
    p95: 0.7134098484777793
    p99: 1.44725961667731
  true_values:
    p1: -1.3601476206245706
    p10: -1.0854979342866786
    p25: -0.7532364578279724
    p5: -1.220376787882641
    p50: -0.23455563319971767
    p75: 0.5022987256616432
    p90: 1.483577328280454
    p95: 2.3387127543496704
    p99: 2.5726629213285235
variance:
  explained_variance_ratio: 0.6900749402450199
  prediction_variance: 0.9394491314888
  residual_variance: 0.30992505975498014
  total_variance: 1.0
