autocorrelation:
  durbin_watson: 1.9254614126893972
  interpretation: No significant autocorrelation
correlation:
  feature_residual_correlations:
    float_feature_98: -0.17643896874547887
    float_feature_99: 0.19720912338518376
    pca_component_1: -0.2796604987599737
    pca_component_2: -0.19065847865887808
    pca_component_3: -0.04578848118113304
    pca_component_4: 0.23575262840143074
    pca_component_5: -0.20651166559659576
    poly_float_feature_0 float_feature_1: 0.20172098568810745
    poly_float_feature_0^2: 0.03167781756242723
    poly_float_feature_1^2: -0.05696043645010206
  prediction_correlation: 0.0012168321571212465
error_metrics:
  adjusted_r2: -0.2924985505619857
  emse: 1.2924659125338918
  mae: 0.9383231072443045
  mse: 1.2860035829712222
  r2: -0.28600358297122197
  rmse: 1.1340209799519683
homoscedasticity:
  bp_statistic: 8.93540605804828
  interpretation: Heteroscedastic
  p_value: 0.002796952832403145
percentile_distribution:
  predictions:
    p1: -1.3380147969722749
    p10: -0.6995767593383789
    p25: -0.3572174310684204
    p5: -0.9654839336872101
    p50: 0.036018410697579384
    p75: 0.35561684519052505
    p90: 0.5836008310317993
    p95: 0.7218274384737012
    p99: 1.105110776424408
  residuals:
    p1: -2.160002550310886
    p10: -1.4240579748389626
    p25: -0.7812462315406481
    p5: -1.6783516524860709
    p50: -0.07083810821175912
    p75: 0.7477111003934607
    p90: 1.6728728147029583
    p95: 1.9565208066806477
    p99: 2.5992257698272647
  true_values:
    p1: -1.6133064073024657
    p10: -1.3159650676503665
    p25: -0.8735551956955858
    p5: -1.4537868208633418
    p50: -0.015844186771263452
    p75: 0.7824674564326337
    p90: 1.365208604950778
    p95: 1.5854957648529595
    p99: 1.8963811465344713
variance:
  explained_variance_ratio: -0.2849033461723198
  prediction_variance: 0.28620532155036926
  residual_variance: 1.28490334617232
  total_variance: 1.0000000000000002
