best_params:
  colsample_bytree: 0.8
  enable_categorical: false
  learning_rate: 0.1
  max_depth: 5
  min_child_weight: 1
  n_estimators: 100
  nthread: -1
  objective: reg:squarederror
  subsample: 0.8
  tree_method: hist
feature_selection: k_best
model: xgboost
test_metrics:
  explained_variance: 0.9153233170509338
  mae: 0.20140840113162994
  mse: 0.08333224058151245
  r2: 0.9153233311483703
timestamp: '20250423_030052'
training_metrics:
  explained_variance: 0.9303295016288757
  mae: 0.1881093978881836
  mse: 0.06994406878948212
  r2: 0.930329472034667
tuning_method: random
