best_params:
  colsample_bytree: 0.8
  enable_categorical: false
  learning_rate: 0.1
  max_depth: 5
  min_child_weight: 1
  n_estimators: 100
  nthread: -1
  objective: reg:squarederror
  subsample: 0.8
  tree_method: hist
feature_selection: k_best
model: xgboost
test_metrics:
  explained_variance: 0.8039990663528442
  mae: 0.29702121019363403
  mse: 0.19288907945156097
  r2: 0.8039989751564565
timestamp: '20250423_025717'
training_metrics:
  explained_variance: 0.8437318801879883
  mae: 0.2755291163921356
  mse: 0.15688177943229675
  r2: 0.8437317566138242
tuning_method: random
