best_params:
  colsample_bytree: 0.8
  enable_categorical: false
  learning_rate: 0.1
  max_depth: 5
  min_child_weight: 1
  n_estimators: 100
  nthread: -1
  objective: reg:squarederror
  subsample: 0.8
  tree_method: hist
feature_selection: k_best
model: xgboost
test_metrics:
  explained_variance: 0.6900749206542969
  mae: 0.41257530450820923
  mse: 0.3291683495044708
  r2: 0.6708316359160085
timestamp: '20250423_102433'
training_metrics:
  explained_variance: 0.8670743703842163
  mae: 0.2525758147239685
  mse: 0.13292571902275085
  r2: 0.8670742724747552
tuning_method: random
