best_params:
  colsample_bytree: 0.8
  enable_categorical: false
  learning_rate: 0.1
  max_depth: 5
  min_child_weight: 1
  n_estimators: 100
  nthread: -1
  objective: reg:squarederror
  subsample: 0.8
  tree_method: hist
feature_selection: k_best
model: xgboost
test_metrics:
  explained_variance: 0.9125589728355408
  mae: 0.20459187030792236
  mse: 0.08605659753084183
  r2: 0.912555015540078
timestamp: '20250423_075022'
training_metrics:
  explained_variance: 0.9279769062995911
  mae: 0.19115397334098816
  mse: 0.07230588048696518
  r2: 0.9279769041358593
tuning_method: random
