best_params:
  colsample_bytree: 0.8
  enable_categorical: false
  learning_rate: 0.1
  max_depth: 5
  min_child_weight: 1
  n_estimators: 100
  nthread: -1
  objective: reg:squarederror
  subsample: 0.8
  tree_method: hist
feature_selection: k_best
model: xgboost
test_metrics:
  explained_variance: 0.8209749460220337
  mae: 0.2830173969268799
  mse: 0.17618435621261597
  r2: 0.8209731991501559
timestamp: '20250423_094540'
training_metrics:
  explained_variance: 0.8670743107795715
  mae: 0.2530711889266968
  mse: 0.13344764709472656
  r2: 0.867074236392893
tuning_method: random
