best_params:
  colsample_bytree: 0.8
  enable_categorical: false
  learning_rate: 0.1
  max_depth: 5
  min_child_weight: 1
  n_estimators: 100
  nthread: -1
  objective: reg:squarederror
  subsample: 0.8
  tree_method: hist
feature_selection: k_best
model: xgboost
test_metrics:
  explained_variance: 0.9153509140014648
  mae: 0.20096999406814575
  mse: 0.083305224776268
  r2: 0.9153507791078854
timestamp: '20250423_075113'
training_metrics:
  explained_variance: 0.9302327632904053
  mae: 0.187639057636261
  mse: 0.07004113495349884
  r2: 0.9302327802037407
tuning_method: random
