autocorrelation:
  durbin_watson: 2.0427695197713884
  interpretation: No significant autocorrelation
correlation:
  feature_residual_correlations:
    AveBedrms: -0.0021266581210191045
    AveOccup: -0.1441495888073473
    AveRooms: -0.042715562035567034
    HouseAge: 0.0825064716022219
    Latitude: -0.07723392199321076
    Longitude: -0.07572548737915705
    MedInc: 0.09216598238685386
    Population: 0.010068995857495327
  prediction_correlation: 0.7150290935942314
error_metrics:
  adjusted_r2: 0.5032825410915462
  emse: 0.49671742974489724
  mae: 0.5295216228693425
  mse: 0.49659710091017223
  r2: 0.5034028990898278
  rmse: 0.7046964601232024
homoscedasticity:
  bp_statistic: 31.964780436275916
  interpretation: Heteroscedastic
  p_value: 1.56993278121269e-08
percentile_distribution:
  predictions:
    p1: -0.9567649984359741
    p10: -0.6548824787139892
    p25: -0.4204379916191101
    p5: -0.7856939435005188
    p50: -0.10110694169998169
    p75: 0.2881792038679123
    p90: 0.7341905474662784
    p95: 1.1178936660289742
    p99: 2.2429859590530397
  residuals:
    p1: -1.1504636313365175
    p10: -0.6938906822398194
    p25: -0.47803748911202937
    p5: -0.8140278353901144
    p50: -0.16870987463724246
    p75: 0.3095388420531497
    p90: 0.9408824453637427
    p95: 1.4069170465938958
    p99: 2.3587075225422915
  true_values:
    p1: -1.3601476206245706
    p10: -1.0854979342866786
    p25: -0.7532364578279724
    p5: -1.220376787882641
    p50: -0.23455563319971767
    p75: 0.5022987256616432
    p90: 1.483577328280454
    p95: 2.3387127543496704
    p99: 2.5726629213285235
variance:
  explained_variance_ratio: 0.5034028990898278
  prediction_variance: 0.3923162817955017
  residual_variance: 0.49659710091017223
  total_variance: 1.0
