autocorrelation:
  durbin_watson: 1.8096680854265896
  interpretation: No significant autocorrelation
correlation:
  feature_residual_correlations:
    AveBedrms: -0.03522168329910257
    AveOccup: 0.057095466746388844
    HouseAge: -0.12563481705683904
    Longitude: 0.15675579740948875
    MedInc: 0.029934526913953062
    Population: 0.08399026186998046
  prediction_correlation: 0.7813558478487999
error_metrics:
  adjusted_r2: 0.5476863156326843
  emse: 0.45231365781081867
  mae: 0.5126305805729702
  mse: 0.45220408570379084
  r2: 0.5477959142962092
  rmse: 0.6724612150182275
homoscedasticity:
  bp_statistic: 201.89989090341697
  interpretation: Heteroscedastic
  p_value: 8.039753413320156e-46
percentile_distribution:
  predictions:
    p1: -1.1411967273972599
    p10: -0.7482756134017206
    p25: -0.43658152451521703
    p5: -0.9443402594805328
    p50: -0.014104142409387614
    p75: 0.8217792806457642
    p90: 1.5358705097264613
    p95: 1.935542238512118
    p99: 2.5423398839321494
  residuals:
    p1: -1.650876934838301
    p10: -1.0052180678211975
    p25: -0.5868884337243314
    p5: -1.2177414057326637
    p50: -0.2377184551832282
    p75: 0.09547598928079801
    p90: 0.5080572436038453
    p95: 0.8216173834247876
    p99: 1.6750468468164275
  true_values:
    p1: -1.3601476206245706
    p10: -1.0854979342866786
    p25: -0.7532364578279724
    p5: -1.220376787882641
    p50: -0.23455563319971767
    p75: 0.5022987256616432
    p90: 1.483577328280454
    p95: 2.3387127543496704
    p99: 2.5726629213285235
variance:
  explained_variance_ratio: 0.5991777813195358
  prediction_variance: 0.7882624085088689
  residual_variance: 0.40082221868046425
  total_variance: 1.0
