autocorrelation:
  durbin_watson: 1.995055210018702
  interpretation: No significant autocorrelation
correlation:
  feature_residual_correlations:
    AveBedrms: 0.0031924097419145686
    AveOccup: -0.05935777957537289
    AveRooms: 0.003692710785447612
    HouseAge: -0.02652240645370525
    Latitude: -0.019462097303469532
    Longitude: -0.013876249488919284
    MedInc: -0.00957635689532948
    Population: 0.03146605811440761
  prediction_correlation: 0.834191352601161
error_metrics:
  adjusted_r2: 0.693160146432134
  emse: 0.3068398355525107
  mae: 0.37523841566743077
  mse: 0.306765504196999
  r2: 0.693234495803001
  rmse: 0.553864156808327
homoscedasticity:
  bp_statistic: 163.0546457905225
  interpretation: Heteroscedastic
  p_value: 2.433790423123165e-37
percentile_distribution:
  predictions:
    p1: -1.3063451874256133
    p10: -0.9979031562805175
    p25: -0.6657609343528748
    p5: -1.1581015825271606
    p50: -0.18011460453271866
    p75: 0.5381056368350983
    p90: 1.2572104811668399
    p95: 1.8038667976856224
    p99: 2.532085330486298
  residuals:
    p1: -1.339575335222979
    p10: -0.574593682283964
    p25: -0.2709897991477508
    p5: -0.8299821808532812
    p50: -0.036266246460263385
    p75: 0.2117219450546726
    p90: 0.6051824552638848
    p95: 0.9717221389173448
    p99: 1.8342265845873968
  true_values:
    p1: -1.3601476206245706
    p10: -1.0854979342866786
    p25: -0.7532364578279724
    p5: -1.220376787882641
    p50: -0.23455563319971767
    p75: 0.5022987256616432
    p90: 1.483577328280454
    p95: 2.3387127543496704
    p99: 2.5726629213285235
variance:
  explained_variance_ratio: 0.6932582726443519
  prediction_variance: 0.783840000629425
  residual_variance: 0.30674172735564803
  total_variance: 1.0
