autocorrelation:
  durbin_watson: 2.049022238338693
  interpretation: No significant autocorrelation
correlation:
  feature_residual_correlations:
    AveBedrms: -0.014738094326782103
    AveOccup: -0.13903238471469126
    AveRooms: -0.05314007220951399
    HouseAge: 0.1401384977873285
    Latitude: -0.13222968538378166
    Longitude: -0.04082853757027923
    MedInc: 0.1183494008689064
    Population: 0.0005068114306715023
  prediction_correlation: 0.6959508373432473
error_metrics:
  adjusted_r2: 0.4743503361772159
  emse: 0.5256496329605435
  mae: 0.548084067874563
  mse: 0.5255222953556596
  r2: 0.47447770464434036
  rmse: 0.7249291657504612
homoscedasticity:
  bp_statistic: 19.986016582844087
  interpretation: Heteroscedastic
  p_value: 7.801057036784403e-06
percentile_distribution:
  predictions:
    p1: -0.8731525892019272
    p10: -0.6118947088718414
    p25: -0.40127257257699966
    p5: -0.7193376958370209
    p50: -0.10508949682116508
    p75: 0.26055847853422165
    p90: 0.69585736989975
    p95: 1.0575453937053654
    p99: 2.1727390718460087
  residuals:
    p1: -1.1320716424989912
    p10: -0.723516509090086
    p25: -0.4991922490154804
    p5: -0.8481462363872663
    p50: -0.16743706722377644
    p75: 0.3271243392768271
    p90: 0.9750718517024201
    p95: 1.4497481237076595
    p99: 2.414251563776711
  true_values:
    p1: -1.3601476206245706
    p10: -1.0854979342866786
    p25: -0.7532364578279724
    p5: -1.220376787882641
    p50: -0.23455563319971767
    p75: 0.5022987256616432
    p90: 1.483577328280454
    p95: 2.3387127543496704
    p99: 2.5726629213285235
variance:
  explained_variance_ratio: 0.47447770464434036
  prediction_variance: 0.3559359312057495
  residual_variance: 0.5255222953556596
  total_variance: 1.0
