autocorrelation:
  durbin_watson: 2.0287567567162976
  interpretation: No significant autocorrelation
correlation:
  feature_residual_correlations:
    AveBedrms: -0.032883986145365134
    AveOccup: -0.0834581103685105
    AveRooms: -0.041560558894967216
    HouseAge: -0.00933508265822809
    Latitude: -0.003960042134557311
    Longitude: 0.010122901125923792
    MedInc: -0.06644947828173473
    Population: 0.0036792750266613676
  prediction_correlation: 0.768980881877802
error_metrics:
  adjusted_r2: 0.5896173956863892
  emse: 0.410382580218995
  mae: 0.46470418285043774
  mse: 0.410283165834252
  r2: 0.5897168341657479
  rmse: 0.640533500946088
homoscedasticity:
  bp_statistic: 87.01146633782996
  interpretation: Heteroscedastic
  p_value: 1.078938326585235e-20
percentile_distribution:
  predictions:
    p1: -1.5649741411209106
    p10: -0.9667445540428161
    p25: -0.49820228666067123
    p5: -1.1920758664608002
    p50: -0.04697607643902302
    p75: 0.4337288364768028
    p90: 0.9108088493347168
    p95: 1.2953291177749626
    p99: 2.569384639263153
  residuals:
    p1: -1.1718443119798634
    p10: -0.6308886810391514
    p25: -0.4005651938179783
    p5: -0.7621042743261205
    p50: -0.1083799218956112
    p75: 0.27178360595674134
    p90: 0.781271166049538
    p95: 1.2234811092246431
    p99: 2.164095027133027
  true_values:
    p1: -1.3601476206245706
    p10: -1.0854979342866786
    p25: -0.7532364578279724
    p5: -1.220376787882641
    p50: -0.23455563319971767
    p75: 0.5022987256616432
    p90: 1.483577328280454
    p95: 2.3387127543496704
    p99: 2.5726629213285235
variance:
  explained_variance_ratio: 0.5897168341657479
  prediction_variance: 0.6547479629516602
  residual_variance: 0.410283165834252
  total_variance: 1.0
