autocorrelation:
  durbin_watson: 2.028756745151525
  interpretation: No significant autocorrelation
correlation:
  feature_residual_correlations:
    AveBedrms: -0.032884472766676456
    AveOccup: -0.0834579020624095
    AveRooms: -0.041561189803424985
    HouseAge: -0.009335018762666427
    Latitude: -0.003960217694126843
    Longitude: 0.01012324688857402
    MedInc: -0.06644992881936543
    Population: 0.0036797029065391337
  prediction_correlation: 0.7689808843824298
error_metrics:
  adjusted_r2: 0.5896173716185263
  emse: 0.41038260428685647
  mae: 0.4647041715397008
  mse: 0.4102831898962831
  r2: 0.5897168101037169
  rmse: 0.6405335197288922
homoscedasticity:
  bp_statistic: 87.01167406708359
  interpretation: Heteroscedastic
  p_value: 1.078825009127288e-20
percentile_distribution:
  predictions:
    p1: -1.564975997209549
    p10: -0.9667450368404388
    p25: -0.49820249527692795
    p5: -1.1920761168003082
    p50: -0.04697581008076668
    p75: 0.43372949957847595
    p90: 0.9108089089393616
    p95: 1.295329910516738
    p99: 2.5693854188919065
  residuals:
    p1: -1.1718442769621347
    p10: -0.630888488814172
    p25: -0.4005647169808201
    p5: -0.7621047601039754
    p50: -0.1083801789406418
    p75: 0.2717834718462906
    p90: 0.7812710826030352
    p95: 1.2234824324477571
    p99: 2.164094979467938
  true_values:
    p1: -1.3601476206245706
    p10: -1.0854979342866786
    p25: -0.7532364578279724
    p5: -1.220376787882641
    p50: -0.23455563319971767
    p75: 0.5022987256616432
    p90: 1.483577328280454
    p95: 2.3387127543496704
    p99: 2.5726629213285235
variance:
  explained_variance_ratio: 0.5897168101037169
  prediction_variance: 0.6547484993934631
  residual_variance: 0.41028318989628315
  total_variance: 1.0
