autocorrelation:
  durbin_watson: 2.038980005641819
  interpretation: No significant autocorrelation
correlation:
  feature_residual_correlations:
    HouseAge: 2.476505454067739e-05
    MedInc: -0.02218099970132629
  prediction_correlation: 0.703039111794064
error_metrics:
  adjusted_r2: 0.4938959222876753
  emse: 0.5061040479976556
  mae: 0.5296258261624193
  mse: 0.5059814452728499
  r2: 0.49401855472715006
  rmse: 0.7113237274777567
homoscedasticity:
  bp_statistic: 41.616913182188284
  interpretation: Heteroscedastic
  p_value: 1.1102858899768997e-10
percentile_distribution:
  predictions:
    p1: -1.1311896288394927
    p10: -0.7413368284702301
    p25: -0.48329198360443115
    p5: -0.8891428589820861
    p50: -0.11972705647349358
    p75: 0.32984787970781326
    p90: 0.829360866546631
    p95: 1.2605726242065427
    p99: 2.5830948877334596
  residuals:
    p1: -1.3036443675744893
    p10: -0.7228487038413887
    p25: -0.4707819355880775
    p5: -0.8615473582155793
    p50: -0.13464718215552943
    p75: 0.31865059826701847
    p90: 0.9116030317283662
    p95: 1.3885557433687072
    p99: 2.3528420675587443
  true_values:
    p1: -1.3601476206245706
    p10: -1.0854979342866786
    p25: -0.7532364578279724
    p5: -1.220376787882641
    p50: -0.23455563319971767
    p75: 0.5022987256616432
    p90: 1.483577328280454
    p95: 2.3387127543496704
    p99: 2.5726629213285235
variance:
  explained_variance_ratio: 0.49401855472714995
  prediction_variance: 0.5165376663208008
  residual_variance: 0.50598144527285
  total_variance: 1.0
