autocorrelation:
  durbin_watson: 2.028758163833099
  interpretation: No significant autocorrelation
correlation:
  feature_residual_correlations:
    AveBedrms: -0.032880720449651825
    AveOccup: -0.08345946686005092
    AveRooms: -0.04156102834967413
    HouseAge: -0.00933319594614228
    Latitude: -0.003967128611288767
    Longitude: 0.010115589986361827
    MedInc: -0.06643949704525846
    Population: 0.003680307635306193
  prediction_correlation: 0.7689806692067889
error_metrics:
  adjusted_r2: 0.5896183081885478
  emse: 0.41038166771688994
  mae: 0.46470342694536354
  mse: 0.41028225355319886
  r2: 0.5897177464468011
  rmse: 0.6405327888197441
homoscedasticity:
  bp_statistic: 87.01366928916504
  interpretation: Heteroscedastic
  p_value: 1.0777372105354996e-20
percentile_distribution:
  predictions:
    p1: -1.564876594543457
    p10: -0.9667160928249359
    p25: -0.49817392975091934
    p5: -1.1920608282089233
    p50: -0.047000499442219734
    p75: 0.43367499113082886
    p90: 0.910803598165512
    p95: 1.2953087568283073
    p99: 2.5693767261505127
  residuals:
    p1: -1.1718571011994814
    p10: -0.6308842688053219
    p25: -0.4005859660366825
    p5: -0.7621037952537881
    p50: -0.10838086421943373
    p75: 0.27180093565439783
    p90: 0.7812803511252978
    p95: 1.2234914685119052
    p99: 2.164098638578454
  true_values:
    p1: -1.3601476206245706
    p10: -1.0854979342866786
    p25: -0.7532364578279724
    p5: -1.220376787882641
    p50: -0.23455563319971767
    p75: 0.5022987256616432
    p90: 1.483577328280454
    p95: 2.3387127543496704
    p99: 2.5726629213285235
variance:
  explained_variance_ratio: 0.5897177464468011
  prediction_variance: 0.6547226309776306
  residual_variance: 0.4102822535531989
  total_variance: 1.0
