autocorrelation:
  durbin_watson: 1.3693139555866722
  interpretation: Positive autocorrelation
correlation:
  feature_residual_correlations:
    AveBedrms: -0.12878247122224107
    AveOccup: 0.25899307574378244
    AveRooms: -0.09353817626840119
    HouseAge: 0.13999038146091308
    Latitude: -0.2916374922912428
    Longitude: 0.2678690705913924
    MedInc: 0.07774196274473522
    Population: -0.036037920984893314
  prediction_correlation: 0.6436650413400231
error_metrics:
  adjusted_r2: -0.4865796466456045
  emse: 1.4865795593646984
  mae: 0.9318220800722662
  mse: 1.4862194383474105
  r2: -0.48621943834741055
  rmse: 1.2191059996355569
homoscedasticity:
  bp_statistic: 1377.1305589038313
  interpretation: Heteroscedastic
  p_value: 1.9590089321256426e-301
percentile_distribution:
  predictions:
    p1: -3.9691858950178522
    p10: -2.425515515265127
    p25: -1.4672555508004343
    p5: -3.0390293544535196
    p50: -0.6511658367436959
    p75: 0.2124345811501575
    p90: 0.9754444259527311
    p95: 1.3030004664312327
    p99: 1.9820842765442082
  residuals:
    p1: -1.4069587851128584
    p10: -0.4804654561893633
    p25: 0.006845661326697269
    p5: -0.7909332490413586
    p50: 0.5974770858633509
    p75: 1.26729220672508
    p90: 1.9867347906404726
    p95: 2.5720828268587344
    p99: 3.462123070706231
  true_values:
    p1: -1.3601476206245706
    p10: -1.0854979342866786
    p25: -0.7532364578279724
    p5: -1.220376787882641
    p50: -0.23455563319971767
    p75: 0.5022987256616432
    p90: 1.483577328280454
    p95: 2.3387127543496704
    p99: 2.5726629213285235
variance:
  explained_variance_ratio: -0.010957010017924151
  prediction_variance: 1.6790612599099153
  residual_variance: 1.0109570100179242
  total_variance: 1.0
