autocorrelation:
  durbin_watson: 0.20569182565674365
  interpretation: Positive autocorrelation
correlation:
  feature_residual_correlations:
    AveBedrms: -0.04739978100589879
    AveOccup: -0.024661238879670026
    AveRooms: 0.11615902847954997
    HouseAge: 0.13120010166848883
    Latitude: -0.1470527681895031
    Longitude: -0.04544125526156363
    MedInc: 0.6276460813792448
    Population: -0.033822051414503916
  prediction_correlation: 0.27642895588148275
error_metrics:
  adjusted_r2: -0.5656972209756086
  emse: 2.084804599533052
  mae: 1.0398961801270004
  mse: 2.084703591558269
  r2: -0.5656213598766708
  rmse: 1.443850266322055
homoscedasticity:
  bp_statistic: 347.92876328871665
  interpretation: Heteroscedastic
  p_value: 1.1972490886865394e-77
percentile_distribution:
  predictions:
    p1: 0.33510276675224304
    p10: 0.9828655123710632
    p25: 1.0859966278076172
    p5: 0.7403568029403687
    p50: 1.1730302572250366
    p75: 1.2734575271606445
    p90: 1.2734575271606445
    p95: 1.3009999990463257
    p99: 1.3634271621704102
  residuals:
    p1: -0.690035623922348
    p10: -0.2833104699134827
    p25: 0.09849126565456387
    p5: -0.4314598569393158
    p50: 0.6479697427749633
    p75: 1.4575424728393553
    p90: 2.572705030441284
    p95: 3.66057976158905
    p99: 3.826979742774963
  true_values:
    p1: 0.5
    p10: 0.823
    p25: 1.196
    p5: 0.662
    p50: 1.797
    p75: 2.6472499999999997
    p90: 3.766
    p95: 4.898099999999999
    p99: 5.00001
variance:
  explained_variance_ratio: 0.06511399339044632
  prediction_variance: 0.038541730493307114
  residual_variance: 1.244847742643234
  total_variance: 1.3315503000818076
