best_params:
  colsample_bytree: 0.8
  enable_categorical: false
  learning_rate: 0.1
  max_depth: 3
  min_child_weight: 1
  n_estimators: 100
  nthread: -1
  objective: reg:squarederror
  subsample: 0.8
  tree_method: hist
feature_selection: k_best
model: xgboost
test_metrics:
  explained_variance: -0.20237720012664795
  mae: 0.9238966107368469
  mse: 1.2025575637817383
  r2: -0.20255757300259392
timestamp: '20250423_130553'
training_metrics:
  explained_variance: 0.5669240951538086
  mae: 0.5418500304222107
  mse: 0.4330976903438568
  r2: 0.5669023315965585
tuning_method: grid
